"station_id","stationname","LINES","POINT_X","POINT_Y","TL","BS","RD","BD","LUI","LUM","LS","GBS","TS","ES","avg_rides"
30,"Pulaski-Lake","Green Line (Lake)",1149789.47306214,1901420.43035568,-0.390411915909135,-1.26093175589377,-1.29829361531136,-0.558490638160433,-0.577646412763811,0.402593698508088,-0.168232653905261,0.0841072472385152,0.662134055931629,-0.245553604433218,-0.978195085747856
40,"Quincy/Wells","Brown, Orange, Pink, Purple (Express)",1174769.55910141,1899173.22932958,2.62877356712151,1.80117610441838,1.53088526617989,2.65524777482591,1.85295372481393,0.240017397489579,-0.25119761190684,1.18170313706967,0.527229757583096,-0.753800759788706,0.111421528388571
60,"Belmont-O'Hare","Blue Line",1153202.40157732,1920656.94749359,-0.390411915909135,-0.170317997426431,0.185480092543939,-0.49832723636275,-0.385475977289143,-0.62372287160163,0.72788467022469,-0.454163879999379,-0.465142677469443,-0.421681656791097,0.312532583557873
70,"Jackson/Dearborn","Blue Line",1175981.49715054,1898986.07233741,-0.390411915909135,1.38170927423863,0.905403041002178,2.17738284029991,1.89565826603052,0.715609000160435,-0.76519788777345,0.885307057306374,1.85573759428899,-0.743571450739904,0.513859631617786
80,"Sheridan","Red Line",1168782.69906383,1926475.82647501,-0.390411915909135,0.794455711986985,-1.19509402382729,-0.317578067677272,-0.0082525298759076,0.0396968658715047,0.243501266565375,-0.374290405967866,0.0772183085918084,-0.590369238412276,0.634982730668468
90,"Damen-Brown","Brown Line",1162299.35492979,1931030.29073525,-0.390411915909135,-0.505891461570228,-0.448175673076048,-0.441047071237163,-0.314301741928156,-1.2749437201492,1.15049848779539,-0.602182566122842,-0.846356225727267,-0.517720320375543,-0.353353298181331
100,"Morse","Red Line",1165641.09906091,1946344.11935752,-0.390411915909135,-0.421998095534279,-1.13712929427055,-0.430669026216498,-0.424621806737687,0.223232094732623,0.338144392262825,0.211842516879985,-0.0627008911573903,-0.252914489054371,0.505664257119309
120,"35th/Archer","Orange Line",1162147.77912165,1881157.78688081,-0.390411915909135,-0.0864246313904822,-0.553096626558719,-0.57598649559679,-0.723553595253836,0.64765018403992,-0.432774589005466,0.461371862066813,-1.01398960560606,0.341434883607293,-0.285771539733467
130,"51st","Green Line",1179151.84211349,1871283.07634361,-0.390411915909135,-0.421998095534279,-1.21629349816305,-0.540813358900617,-0.670172918733095,1.10499341186255,-0.941085297112412,-0.386959992740451,-0.445171946116964,1.30175702341863,-1.46296746417213
150,"Pulaski-Cermak","Pink",1150164.33155849,1889923.88301697,-0.390411915909135,-0.0444779483725076,-0.322519478461194,-0.527055235101192,-0.609674818676255,0.85987943743355,-0.506112949311802,0.0499548706366906,-0.413019068639471,-0.307875828075681,-1.02986595416412
160,"LaSalle/Van Buren","Brown, Orange, Pink, Purple (Express)",1175321.45695792,1898497.01044895,2.62877356712151,1.67533605536445,1.0852066424047,2.19466453921633,1.55758064806583,0.610035663351376,-0.589101095362759,1.05025996201593,1.26723111145007,-0.682902605417327,-1.19686761911152
170,"Ashland-Lake","Green (Lake), Pink",1165706.56389297,1901501.95688375,0.615983245101079,-0.883411608732,0.14309700576724,-0.476567854318499,-0.481561195026477,0.256488881907609,-0.0799576136750677,0.47639804211137,0.141400962320317,-0.237131676306119,0.0105487762651293
190,"Sox-35th-Dan Ryan","Red Line",1175756.53587033,1881859.32211346,-0.390411915909135,-0.589784827606178,0.25047548146473,-0.536369941792157,-0.531383159779169,1.38863208265408,-2.32671884296008,0.224941796026348,-0.0367498099117783,3.27211887113912,0.595517505497489
210,"Damen-Cermak","Pink",1163335.47601876,1890260.80487328,-0.390411915909135,-0.0864246313904822,-0.958601527759704,-0.522986203126593,-0.542059295083317,0.340717345406247,-0.069983772338727,0.0931903326072973,-0.203292342288634,0.0726875960476672,-0.643869420284969
220,"Western-Forest Park","Blue Line (Congress)",1159883.32292754,1897892.77774439,-0.390411915909135,0.0813621006814163,0.205033335005443,-0.57220970209353,-0.645261936356749,0.117167113626036,0.0275646522764324,0.0315651307687846,-0.249074669468444,0.229054184263374,-0.97962588212015
240,"79th","Red Line",1177486.45894394,1852436.46589406,-0.390411915909135,-0.463944778552254,-0.122847388202771,-0.573661288711211,-0.741347154094083,0.266181245528013,-0.0911722285176646,-0.207985436058145,-0.427040620024692,0.541674610425846,0.736367608944751
250,"Kedzie-Homan-Forest Park","Blue Line (Congress)",1155108.3249071,1897455.04718398,-0.390411915909135,0.374988881807239,0.0115196373369559,-0.531224197602233,-0.670172918733095,0.978478969707858,-0.614856036261954,0.231315766455691,-1.47865755335718,1.52740649897813,-0.723980929584362
260,"State/Lake","Brown, Orange, Pink,  Purple (Express), Green",1176356.59423889,1901743.42939598,3.63516872813172,2.47232303270597,2.49048489843932,2.37296856584725,2.74974909036237,0.138250587706272,-0.342091246103144,0.487969972408664,1.89394708807439,-1.0519506999548,1.85651028247833
280,"Central-Lake","Green Line (Lake)",1138825.73519593,1902065.79330028,-0.390411915909135,-1.34482512192972,-0.681226022962595,-0.509926099369477,-0.705760036413589,0.3762165594633,-0.506112949311802,-0.502886691986603,-0.646127475307916,1.54621061321631,-0.549306480474489
290,"Ashland/63rd","Green Line (Englewood)",1166854.40799004,1862752.12183966,-0.390411915909135,-1.0511983408039,-0.485213029215495,-0.546787909153283,-0.648820648124799,0.564939699693017,-0.161193477339451,0.0574257086214637,-0.854259999815411,1.06905601647152,-1.54697949671409
300,"Indiana","Green Line",1178284.91449668,1878463.5617263,-0.390411915909135,0.333042198789264,0.0673981476547433,-0.549494938217863,-0.677290342269194,1.74797648793861,-1.23818694319071,0.617738109229531,-0.0514631538248801,1.62411340585706,-2.05089378147688
310,"Western-Orange","Orange Line",1161268.48644883,1872085.72671236,-0.390411915909135,-0.547838144588203,-1.27449522770954,-0.554950620669247,-0.69864261287749,0.753575839849714,-0.758396911414581,0.886688061521403,-0.679428684823717,0.913639946396562,0.0742238557425428
320,"Division/Milwaukee","Blue Line",1165779.32370104,1908078.03624988,-0.390411915909135,-1.0511983408039,0.439725611194444,-0.476190492562071,-0.0794267652368955,-0.974115384031116,0.958035019524725,-0.903109842962364,-0.229862446273646,-0.479261969267793,0.709453988857294
330,"Grand/State","Red Line",1176288.17926282,1903902.00526999,-0.390411915909135,2.76594981383179,2.2022289836813,1.80603699843367,2.43302374300598,-0.261349987516308,0.144942425773328,-0.235382704288236,1.5506776696369,-0.997441186532416,2.02909145671863
350,"UIC-Halsted","Blue Line",1170448.20024938,1897969.67528046,-0.390411915909135,0.123308783699391,1.4306916454158,-0.31654494670093,-0.207540388886674,0.604529685348918,-0.82482274485605,-0.669788264610494,0.115548965473682,1.74345385276547,0.0980038557284662
360,"Southport","Brown Line",1166449.96254966,1922826.81834361,-0.390411915909135,-0.673678193642127,-0.137454849781306,-0.449078106370667,-0.0651919181646979,-1.25020260495954,1.15364993386475,-0.601187110629422,-0.689944858352993,-0.721170648729291,0.3210646284085
370,"Washington/Dearborn","Blue Line",1175927.28403049,1900801.1532991,-0.390411915909135,2.01090951950825,2.31301449060644,2.85980390968702,2.68925099030553,0.337945524644609,-0.468345889286727,0.702735599822111,1.77169937808796,-0.91915618160447,1.54476046630531
380,"Clark/Lake","Brown, Orange, Pink, Purple (Express), Green, Blue",1175525.85913411,1901735.36641997,4.64156388914194,2.17869625158015,2.4064404256737,2.62517354173091,2.68213356676943,0.0466807341431322,-0.247521894542391,0.635668106048989,1.5783928687833,-1.07568575056297,1.57240497066299
430,"Clinton-Forest Park","Blue Line",1172806.09209158,1897996.84712049,-0.390411915909135,0.29109551577129,1.95985782816433,1.00400040577697,0.400999323449773,0.160608479852528,-0.0405471538665518,0.474148293690445,0.413667067903794,-0.414813143367611,-0.363399023742972
440,"California-Cermak","Pink",1158201.07396598,1890136.33869717,-0.390411915909135,-1.00925165778592,-0.980770406496461,-0.517154846136367,-0.52070702447502,1.4370840819529,-2.83973957274573,5.54848723458052,-0.479621467690352,0.259256493449348,-0.653555212696246
450,"95th/Dan Ryan","Red Line",1177778.98067221,1842222.00572454,-0.390411915909135,-0.757571559678076,-0.0544638873258863,-0.595277671067816,-0.805403965918972,0.908306940578716,-0.190758003778814,-0.72701165222983,-1.47865755335718,2.09153016170155,1.1427518667296
460,"Merchandise Mart","Brown, Purple (Express)",1174675.57817332,1902905.85602106,0.615983245101079,1.33976259122066,2.06345534143629,1.53403722329268,1.85295372481393,-0.402438131111333,0.192848472214273,0.176501220119059,1.25664332701417,-1.09506983176783,0.263269259830568
470,"Racine","Blue Line",1167774.55595889,1898083.15752057,-0.390411915909135,-0.0444779483725076,0.107672542071111,-0.462296037562588,-0.399710824361341,0.199634709729515,-0.17663763590738,0.249771757661845,-0.73310823241495,0.675327169447353,-0.825293334638634
480,"Cicero-Lake","Green Line (Lake)",1144532.74806525,1901787.32648402,-0.390411915909135,-1.3867718049477,-0.784079494157241,-0.477271342848724,-0.730671018789935,-0.273697957951893,0.570708824691199,-0.311560501165313,-0.991322875472801,0.415670105659984,-1.21469691866667
490,"Grand/Milwaukee","Blue Line (O'Hare)",1170964.65874586,1903685.42030979,-0.390411915909135,-0.296158046480355,1.35399630688625,-0.309691959777028,-0.179070694742279,-1.91509750221394,1.53725839659401,-1.07463403771626,-0.45923297940829,-0.913291819589531,0.0443883693325794
510,"Garfield-South Elevated","Green Line",1179221.19584155,1868763.71813326,-0.390411915909135,-0.33810472949833,-1.57596690579635,-0.584214678865259,-0.677290342269194,-0.342013842087922,0.451214571684588,-0.342797442354297,-0.408261738722413,-0.0118452265109749,-1.19155206930574
530,"Diversey","Brown, Purple (Express)",1169332.77215234,1918811.40944387,0.615983245101079,-0.505891461570228,-0.312552032044007,-0.375216659089392,0.0522455701809321,-1.36091021352383,1.23377642296934,-1.0052357340066,-0.483449194529698,-0.72908816500319,0.52018575980769
540,"Wilson","Purple, Red Line",1168029.49407113,1930295.53438257,0.615983245101079,1.04613581009483,-1.28444687674535,-0.268861290923674,-0.257362353639365,-0.0201836414005463,0.255088649878617,0.0252238467236437,0.0141549948744019,-0.578655198747082,1.36140001468006
550,"Irving Park-O'Hare","Blue Line",1148588.58858103,1926020.53969059,-0.390411915909135,-0.547838144588203,0.363458369919559,-0.522898189343316,-0.616792242212354,-1.08425135830269,0.962663518795642,-0.641045905949005,-1.20494903947321,-0.104688273941299,0.0866895525455768
560,"Jackson/State","Red Line",1176444.43423897,1898979.0284974,-0.390411915909135,1.54949600631053,0.462471585214783,1.90126329198147,1.88498213072637,0.756161596246556,-0.839348851558013,0.733266439806349,2.17760853892326,-0.741882722625891,0.762261463870672
570,"California/Milwaukee","Blue Line (O'Hare)",1157455.12068528,1914787.23945613,-0.390411915909135,-0.00253126535453293,0.189257599292288,-0.493429326555094,-0.011811241643957,-1.60019078611442,1.32372440858812,-0.369149571069781,-0.985306400434812,-0.803376064923844,0.340770747729254
590,"Damen/Milwaukee","Blue Line",1162783.21413024,1910383.12246002,-0.390411915909135,-0.421998095534279,-0.1478481719464,-0.433583976345439,0.408116746985872,-1.75707531077309,1.4419245394918,-0.580492290370407,-0.925174957918012,-0.890355653388393,0.928434893269377
630,"Clark/Division","Red Line",1175328.34617393,1908360.20047414,-0.390411915909135,1.4236559572566,0.0389235360144007,0.499912513662198,0.379647052841476,-0.852438498004923,0.851789373476498,-0.70923404245334,0.106215550766227,-0.698404962505315,1.45395375489833
650,"North/Clybourn","Red Line",1170472.73119341,1910775.10249239,-0.390411915909135,-1.17703838985782,-0.51063271844909,-0.502556757015448,-0.268038488943513,-1.34584892831096,1.20897536141183,-1.09924258182104,-0.543886941510363,-0.874242795801812,0.948112709348001
660,"Armitage","Brown, Purple (Express)",1169507.15116051,1913523.19132695,0.615983245101079,-0.841464925714026,-0.581826402933451,-0.452083205347239,-0.0260460887161546,-0.325958291562152,0.470299859486196,-0.79828150693751,-0.559042738525085,0.133855814470858,0.352605008650846
670,"Western/Milwaukee","Blue Line (O'Hare)",1160063.30014371,1912699.74915018,-0.390411915909135,-0.33810472949833,0.05357523979757,-0.489162072761613,-0.211099100654723,-1.56086074447165,1.33205225792334,-0.568805805323433,-0.94441365556908,-0.900436967075477,0.434824220901536
680,"Adams/Wabash","Brown, Orange, Pink,  Purple (Express), Green",1176848.36665534,1899477.04526587,3.63516872813172,1.4236559572566,0.17212357488365,1.76240099774004,2.0166544661442,0.802095373737588,-0.878487800216359,0.824495447003541,2.13409286477605,-0.745741268480856,0.836663707249255
700,"Laramie","Green Line (Lake)",1141729.75260664,1902002.90459622,-0.390411915909135,-1.34482512192972,-0.492811993203819,-0.52857156141416,-0.723553595253836,0.159131301544388,0.00725557283255522,-0.789558151094917,-0.549321657854947,0.645799280935656,-1.38167455742991
710,"Chicago/Franklin","Brown, Purple (Express)",1174115.1544928,1905746.07592771,0.615983245101079,1.25586922518471,0.567846595604934,0.331416360368529,0.443703864666365,-0.383308051206551,0.505402923893197,-0.366961842507855,0.298603406428665,-0.651236060904708,0.698098798745245
720,"East 63rd-Cottage Grove","Green Line",1182666.51808476,1863374.47652824,-0.390411915909135,-0.00253126535453293,-0.506116692536053,-0.492694773781791,-0.588322548067959,1.64632766026871,-1.90769049762817,1.25414231444993,0.494747058332281,1.56640763498477,-1.50024103164069
730,"Washington/Wells","Brown, Orange, Pink, Purple (Express)",1174726.83884537,1900620.27445093,2.62877356712151,1.88506947045433,2.12809553050026,3.02114890279554,2.46861086068647,-0.088346360030326,-0.0397902073832194,0.856168911895092,0.838255925738787,-0.97154131767288,-0.387252942288947
740,"Western-Cermak","Pink",1160828.02104042,1890198.73280923,-0.390411915909135,-0.883411608732,-1.13441273651412,-0.514071606921335,-0.431739230273786,0.1223888314079,-1.51524878826227,4.97472733635786,-1.31881177965048,-0.447477635733643,-0.995987324437121
750,"Harlem-O'Hare","Blue Line (O'Hare)",1126838.69876877,1936585.06680443,-0.390411915909135,-1.3867718049477,0.0187710897891943,-0.586200405597219,-0.744905865862132,0.776237731531693,-0.420881882184455,1.76865006384313,-1.47865755335718,0.234496037058083,-0.555165454883021
760,"Granville","Red Line",1167506.03909464,1941002.51448854,-0.390411915909135,-0.883411608732,-1.56901739594237,-0.209975121860873,-0.378358553753045,1.31277022527825,-1.33955102708235,-0.470868845646141,0.519414617976471,1.71759675440842,0.472476565362311
780,"Central Park","Pink",1152737.52861689,1889991.51591303,-0.390411915909135,-0.00253126535453293,0.203522629067991,-0.504407439081518,-0.609674818676255,1.10807800258094,-0.758396911414581,-0.667245002141635,0.119800183709742,0.564635433795491,-1.21833766586284
790,"Monroe/Dearborn","Blue Line",1175951.62118251,1899904.51841827,-0.390411915909135,1.71728273838243,1.94162565013547,2.4826509552532,2.3191449664284,0.631689942407091,-0.713306070136056,0.91224529968789,1.83662923088566,-0.830605300680373,0.0972562912986481
800,"Sedgwick","Brown, Purple (Express)",1173161.40626791,1910707.27350033,0.615983245101079,0.374988881807239,-0.149292939524217,-0.273591306587031,-0.11145517114934,-0.376826905659018,0.535291761361789,-0.622767493431351,0.194147050554547,-0.51078542629459,0.457529692328368
810,"Medical Center","Blue Line",1163828.91499522,1897961.33198446,-0.390411915909135,1.04613581009483,-0.0755355689244997,-0.284867934001402,-0.470885059722329,2.21024906792003,-2.91276913748631,-0.994388803130696,1.67619324664028,2.72295279127911,-0.649026722926881
830,"18th","Pink",1165182.26334848,1891511.43450645,-0.390411915909135,-0.128371314408457,-0.764679510417538,-0.537476442789528,-0.399710824361341,0.942237133354861,-0.741452464292473,-0.285452023176608,1.65264958261174,0.0893121291437768,-0.187999233976711
850,"Library","Brown, Orange, Pink, Purple (Express)",1176281.20684682,1898524.19201698,2.62877356712151,1.25586922518471,0.482679454106657,1.73910456334609,1.62519617165876,0.705533053843988,-0.716947700784103,0.671936186415516,1.87514780645525,-0.640497484477485,0.253469767983014
870,"Francisco","Brown Line",1156039.37233196,1930887.06155112,-0.390411915909135,-1.34482512192972,-0.313836531373022,-0.495116268952837,-0.556294142155514,-2.12067263482493,1.59625337316275,-0.428178365928862,-1.03464151972319,-1.03496855938933,-0.96331093535404
880,"Thorndale","Red Line",1167550.17426268,1939762.06751139,-0.390411915909135,-0.673678193642127,-1.34574188054439,-0.169400737831779,-0.527824448011119,0.163137263719539,0.137468579713996,-0.52575658222979,-0.255348056626224,0.0215416920994422,-0.0548429048559483
910,"63rd-Dan Ryan","Red Line",1175808.13267038,1863399.65745627,-0.390411915909135,-0.128371314408457,0.354862311233905,-0.578692345577617,-0.780492983542626,0.551574853314041,-0.506112949311802,-0.29536358197843,-0.73863082397363,1.24325531286485,-0.273921728845686
920,"Pulaski-Forest Park","Blue Line (Congress)",1149758.98320612,1897220.94772777,-0.390411915909135,-0.33810472949833,0.270378900148455,-0.531066648636252,-0.709318748181638,0.532438052810093,-0.170628960475141,-0.479043615306046,-0.628414085971722,1.32576229512986,-0.602820521534802
930,"Midway Airport","Orange Line",1146620.91702719,1865394.75454613,-0.390411915909135,-1.2189850728758,-1.24734848246382,-0.594823994909751,-0.627468377516502,-2.52708073104883,1.97167593412629,-1.11122586210536,-0.907779781555825,-0.993420405931796,1.05303751831759
940,"Halsted/63rd","Green Line",1172260.63647507,1862821.97015973,-0.390411915909135,-1.00925165778592,-0.124798345168593,-0.550193941718551,-0.673731630501144,0.996139851527025,-0.672089241413716,0.892979285015424,-0.427040620024692,-0.261954181336391,-2.40129658896918
960,"Pulaski-Orange","Orange Line",1150270.22237459,1870257.60178265,-0.390411915909135,-0.757571559678076,-0.77037757146538,-0.543754782023033,-0.687966477573342,-0.0933432467781665,0.505402923893197,0.406299464445921,-0.724668055871689,-0.192638496293936,0.218731377637876
970,"Cicero-Forest Park","Blue Line (Congress)",1144440.97667316,1896352.78926296,-0.390411915909135,-0.00253126535453293,-0.852285350226792,-0.573427330606776,-0.794727830614824,0.366081270021508,0.590773828865441,-1.62351149320274,1.12752354750526,-0.0423289205817156,-1.17704708955724
990,"69th","Red Line",1177260.46342373,1858977.89284415,-0.390411915909135,0.458882247843188,0.436163784141834,-0.559111218032444,-0.730671018789935,0.171476940503196,0.570708824691199,-1.62351149320274,-0.503988197588427,1.05409297605012,0.309188583691251
1000,"Cermak-Chinatown","Red Line",1175600.57759818,1889880.86554493,-0.390411915909135,0.0394154176634417,0.643228914249028,-0.437557841291955,-0.189746830046427,0.355754619537811,-0.293697701907673,0.234519265197433,1.42009999676817,-0.57008129660687,1.32355521775748
1010,"Rockwell","Brown Line",1158091.02161388,1930925.25598316,-0.390411915909135,-0.673678193642127,-0.411049782038544,-0.49673286741895,-0.335654012536452,-1.07032112098155,1.02916771478831,-0.679827449129677,-0.295588510850902,-0.749871671397513,-0.889579063873338
1020,"Logan Square","Blue Line",1154263.50109831,1917602.19677075,-0.390411915909135,0.0813621006814163,0.0396928000472162,-0.469809399973091,0.0771565525572779,-1.48011869936679,1.27070037838555,-0.753772835892753,-0.583998380214938,-1.03388334295863,0.683294767745242
1030,"Polk","Pink",1165039.42430835,1896486.58894308,-0.390411915909135,0.962242444058884,-0.328830428539739,-0.255772801801765,-0.339212724304501,1.84261644263963,-2.1768676490597,-0.673577894948264,0.241537026603413,2.54656501412876,-0.863737645443142
1040,"Kedzie-Cermak","Pink",1155312.29879529,1890060.7219291,-0.390411915909135,-0.380051412516305,-0.257810316100324,-0.500729214929405,-0.659496783428947,1.11657029720852,-1.07478581121783,0.140094756037079,0.486659341720044,1.17968436854213,-0.865997547474086
1060,"Ashland-Orange","Orange Line",1166283.2435735,1884759.33773216,-0.390411915909135,-1.2189850728758,-0.826882170827501,-0.597748674222645,-0.716436171717737,-1.0037371954934,1.38601674280742,-0.0297339961475693,-0.590625486089209,-1.18038710303452,-0.727253691136811
1070,"Kedzie-Lake","Green Line (Lake)",1155033.73418703,1901060.63233934,-0.390411915909135,0.0813621006814163,-0.591213699495266,-0.575981426561944,-0.673731630501144,1.40663207698808,-1.33599440036072,0.578417948944402,-0.0765016355869566,1.34530341527575,-1.19677732872657
1080,"47th-South Elevated","Green Line",1179041.79692939,1873875.82873002,-0.390411915909135,-0.589784827606178,-0.500957885423749,-0.529809178985531,-0.645261936356749,1.05724878105311,-0.991274415621813,0.0315651307687846,0.673112483457743,1.03444919622812,-1.41618333574431
1090,"Monroe/State","Red Line",1176409.33715094,1899923.25429028,-0.390411915909135,1.80117610441838,1.25529040283061,2.34296335569996,2.290675272284,0.687679895604451,-0.775404820566564,0.935038610914661,1.91133005621561,-0.798050705471428,0.815736221146954
1120,"35-Bronzeville-IIT","Green Line",1177050.91513553,1882047.58707363,-0.390411915909135,0.0813621006814163,0.509522904776529,-0.520443032253891,-0.445974077345983,1.60743108553652,-2.43472999738143,0.599215382575215,0.337771695126205,2.92978995971961,-0.711259537032989
1130,"Halsted-Orange","Orange Line",1170942.96556184,1887545.79610276,-0.390411915909135,-0.463944778552254,0.205274034701521,-0.568626365680444,-0.748464577630182,0.583725432995839,0.0194786265765118,0.368710373633723,0.741422634793463,-0.453294371720877,-0.473801629926655
1140,"King Drive","Green Line",1180024.5514903,1863287.02462416,-0.390411915909135,-0.128371314408457,-1.10112238908897,-0.541445543827567,-0.741347154094083,0.823529046582969,-0.589101095362759,0.735698608014914,0.0987678366511892,0.19726227296884,-2.50360437835336
1150,"Kedzie-Midway","Orange Line",1155746.78506769,1871922.53234421,-0.390411915909135,-0.757571559678076,-1.89748032530217,-0.490026979703109,-0.723553595253836,0.0908208783841656,-0.212759508086455,-0.372581480041007,-1.01398960560606,1.25452807559238,0.0156689194037431
1160,"Clinton-Lake","Green (Lake), Pink",1172561.88677935,1901699.06101194,0.615983245101079,0.333042198789264,2.45278263859582,1.1619002121272,0.842279582687898,-1.17938430298582,0.962931841707281,-0.249992065696731,0.0519567420718023,-1.04490398482941,-0.00752328663387783
1170,"Garfield-Dan Ryan","Red Line",1175717.82047829,1868822.88715732,-0.390411915909135,-0.296158046480355,0.0786332806339016,-0.599935382444643,-0.691525189341391,-0.391205396773636,0.464209964386923,-0.244280967249803,-0.71016826591226,0.0780426121581701,-0.118717515565677
1180,"Kedzie-Brown","Brown Line",1154084.66231414,1930852.94827109,-0.390411915909135,-0.673678193642127,-0.343046352357379,-0.484149396888151,-0.510030889170872,-1.02364521409067,0.902268375715379,-0.404968020906067,-1.28466996119148,-0.16386911673022,-0.319239157839717
1190,"Jarvis","Red Line",1164754.77227608,1949075.67852806,-0.390411915909135,-0.799518242696051,-1.37737107946279,-0.46743233554866,-0.470885059722329,-0.386237942964169,0.489744784378385,-0.207985436058145,0.0987678366511892,-0.491562415032841,-0.503943208059912
1200,"Argyle","Red Line",1167746.82808687,1933638.97732968,-0.390411915909135,0.584722296897112,-0.980622485561726,-0.268936719884677,-0.139924865293735,-0.979351740044691,0.910699137984555,0.0222370140634679,-0.89950620427021,-0.80103437991281,0.760676672559131
1210,"Wellington","Brown, Purple (Express)",1169286.3350323,1920014.04624499,0.615983245101079,0.20720214973534,-0.287846156127232,-0.378382027742072,0.308472817480488,-1.38506018199432,1.25532910465336,-0.977385482336858,-0.638627211894772,-0.708759389670321,-0.299477271252311
1220,"Fullerton","Red, Brown, Purple (Express)",1169427.09509643,1916013.32534527,1.62237840611129,-0.883411608732,-0.384730253541671,-0.404331426416969,0.0130997407323888,-0.14060167861839,0.225510528487416,-0.404271709479583,-0.439660024263679,0.39013318403879,1.79643892142056
1230,"47th-Dan Ryan","Red Line",1175712.49286229,1874259.92345038,-0.390411915909135,-0.463944778552254,0.184292032413537,-0.59660747822447,-0.744905865862132,0.258312417520834,0.0905045205796249,-1.13891698505333,0.141400962320317,0.941937607104386,-0.238556773531937
1240,"Addison-O'Hare","Blue Line",1151344.51459959,1924006.59972071,-0.390411915909135,-0.505891461570228,0.478630718773925,-0.51840943062041,-0.652379359892848,-1.08386238504457,1.1457463000065,-1.05430524041232,-0.844348922462501,0.0660575661297728,-0.47334022393533
1270,"43rd","Green Line",1178962.66758531,1876518.81702049,-0.390411915909135,-0.463944778552254,-0.392880058642819,-0.532693136231593,-0.712877459949688,0.637044804725164,-0.437557533362501,-0.0643813303115952,-1.04429404653713,1.66475834000983,-1.63406161596558
1280,"Jefferson Park","Blue Line",1139918.57154895,1932409.02840054,-0.390411915909135,0.0813621006814163,0.076934332853099,-0.534486705121145,-0.474443771490378,1.03622645738391,-1.28752344913955,2.97799211279201,-0.0640931878078187,-0.832926856856393,0.804716462186684
1290,"Kimball","Brown Line",1152910.87594505,1931513.3373917,-0.390411915909135,-0.547838144588203,-0.358787741668725,-0.46653517830836,-0.52070702447502,0.173966809049775,0.0930614500390703,-0.189111747646086,-1.47865755335718,1.044516636986,0.457780084787688
1300,"Loyola","Red Line",1166979.64523815,1943698.46533905,-0.390411915909135,-0.883411608732,-1.38947391839537,-0.390003306873931,-0.278714624247662,1.46416974740171,-1.85763415931991,-0.129345097557891,1.01893266080988,2.16943295434229,0.880121401039022
1310,"Paulina","Brown Line",1164471.22974782,1922773.86704756,-0.390411915909135,-0.33810472949833,0.0100067884308644,-0.465032464568581,-0.367682418448896,-1.53499806377232,1.25811053530078,-0.620434747055149,-1.19920689974435,-0.356687650948596,-0.180513931545693
1320,"Belmont-North Main","Red, Brown, Purple (Express)",1169244.56018426,1921368.70147826,1.62237840611129,-0.296158046480355,-0.424029445761006,-0.375832965551767,0.276444411568044,-1.42145266460685,1.27505852070541,-0.904098036807071,-0.676961924863154,-0.8168407373777,1.99722712534159
1330,"Montrose-O'Hare","Blue Line",1144639.34672135,1929107.50647746,-0.390411915909135,-0.967304974767949,0.339454633189401,-0.550900774335357,-0.695083901109441,-0.569127243225605,0.606904508849562,0.134331337859433,-1.08687869897538,-0.410524222603311,-0.59151428076494
1340,"LaSalle","Blue Line",1175328.49516593,1898027.79675252,-0.390411915909135,1.4236559572566,0.844021095506892,1.84432255615511,1.20170947126089,0.697437454513387,-0.608711307244203,0.955460644202065,1.15578691775186,-0.575306509215646,-0.195792971932105
1360,"California-Lake","Green Line (Lake)",1157735.61553354,1901043.52283533,-0.390411915909135,-0.631731510624152,-1.11032930322907,-0.589927327343726,-0.737788442326033,1.2069901537633,-0.506112949311802,0.675206044075487,0.0583210415133776,0.497519183889068,-1.4206355039953
1380,"Bryn Mawr","Red Line",1167633.60312676,1937300.91346109,-0.390411915909135,-0.589784827606178,-1.09453448555826,-0.134050416221452,-0.577646412763811,-0.768588414410189,0.845408260696309,-0.556249769220706,-0.527194607015164,-0.712970347190036,0.498630471311784
1400,"Roosevelt","Red, Orange, Green",1176529.51123105,1895049.38830174,1.62237840611129,0.165255466717366,-0.872138857936749,0.190302516501028,-0.122131306453488,0.313725979586948,-0.119356881536456,-0.608606005413409,1.16030569783239,-0.192638496293936,1.98795886061514
1410,"Chicago/Milwaukee","Blue Line",1168871.48498392,1905449.33352743,-0.390411915909135,-0.505891461570228,0.9533512125738,-0.532435276151439,-0.534941871547218,-0.594799368729035,0.676468108262715,-0.502886691986603,-0.437994970781142,-0.22607789645728,0.0617329022799839
1420,"Addison-North Main","Red Line",1169155.59813618,1924165.78538486,-0.390411915909135,0.249148832753315,-0.477913343139286,-0.286643960585411,0.233739870351451,-0.999437091704469,0.979694019976147,-0.589088594255538,-0.389964392813425,-0.886753508057962,1.9505036043961
1430,"87th","Red Line",1177647.63808009,1846956.57340895,-0.390411915909135,-0.967304974767949,-1.03528095390563,-0.592057229566156,-0.69864261287749,-1.2907445842202,1.13373278070464,-0.547711684035249,-1.07904311909045,-0.395126959497866,0.0534638614648544
1440,"Addison-Brown","Brown Line",1163413.93822683,1923975.42941668,-0.390411915909135,-0.715624876660102,-0.0158099362318617,-0.470778024042869,-0.488678618562576,-1.66625091952626,1.34551243336325,-0.636539183318437,-1.11203880339053,-0.459964947237516,-0.782039940372817
1450,"Chicago/State","Red Line",1176230.95814277,1905725.84936769,-0.390411915909135,2.59816308175989,0.736254697606851,1.50619034543527,2.13053324272178,-0.611559807616202,0.497798066773983,-0.541345997264436,1.12238314719151,-0.90159652146643,1.99170351629728
1460,"Irving Park-Brown","Brown Line",1163333.20913876,1926705.98506723,-0.390411915909135,-0.841464925714026,-0.313982155067815,-0.449207377422271,-0.449532789114032,-0.639188120372968,0.518790630765897,0.468321475044045,-1.31215154573961,-0.198811923613702,-0.299790914641789
1480,"Western-Brown","Brown Line",1159616.1951193,1930951.29758318,-0.390411915909135,-0.254211363462381,-0.258939422153697,-0.480569937302443,-0.275155912479612,-1.31920028957787,1.19195215439129,-0.668659589240706,-0.532824574972331,-0.870619788726901,0.345628414092774
1490,"Harrison","Red Line",1176488.61907101,1897480.33051201,-0.390411915909135,1.04613581009483,-0.142039013121273,0.980154910835346,0.881425412136441,0.980636493281256,-0.914669974568722,0.445334286761665,2.080661297922,-0.412082649884174,0.710437944115175
1500,"Montrose-Brown","Brown Line",1163255.95192269,1929339.66570968,-0.390411915909135,-0.757571559678076,-0.450538871011567,-0.431682964012829,-0.381917265521094,-1.58983188614322,1.28619215239719,-0.720562017213909,-1.33491134607461,-0.332984076184518,-0.32373985560236
1510,"Morgan-Lake","Green (Lake), Pink",1169742.11896873,1901630.35829187,0.615983245101079,-0.463944778552254,1.76104771618661,-0.299094126162765,0.112743670237772,-1.99481132694143,1.52440991830162,-0.849554789252315,-0.328687955038842,-1.08623120534556,0.8727066919225
1660,"Lake/State","Red Line",1176365.32127889,1901404.02433966,-0.390411915909135,2.47232303270597,2.38604857282643,2.45163415399384,2.72839681975408,0.329791669689574,-0.471869082076695,0.606675677721858,1.89419872528365,-0.947832272263135,2.23673115183912
1670,"Conservatory","Green Line (Lake)",1152209.0952084,1901252.71835552,-0.390411915909135,-0.883411608732,-0.978846343226069,-0.583399355779023,-0.609674818676255,0.805820518141078,-0.506112949311802,-0.189111747646086,1.18543866842745,-0.133373578318981,-0.902464029209242
1690,"Cermak-McCormick Place","Green Line",1176844.65337534,1889858.01703291,-0.390411915909135,0.165255466717366,0.59228778965042,-0.167693555384866,-0.136366153525686,0.471092760046059,-0.354499993455085,0.272930482223796,1.40317730453234,-0.61409372727151,-0.13760226871769
1700,"Washington/Wabash","Brown, Orange, Pink,  Purple (Express), Green",1176812.47724731,1900828.68763513,3.63516872813172,1.88506947045433,1.63119218378856,2.10831147428423,2.34049723703669,0.570298646007323,-0.670069620022941,0.637572182061231,2.0798559349719,-0.847404370931052,1.56902385776433
